
PrimaMatrix: V = 200  D = 25
20541796
19319343
17563109
21153817
18233588
21104768
17069551
20795420
17553153
18595143
17835202
17955293
18121116
18022288
20468621
17409750
17927089
17921163
16334583
17334009
20363177
17444367
20083594
17506436
19828953
17048574
20435165
19769184
20637952
17723320
21429676
17874483
20606344
17260513
20713003
17232696
18042986
19966286
18278394
17972451
20652778
17017782
17970363
17950020
23214392
17532262
20843077
17163533
20326482
17538806
21127840
17645025
29186868
18863220
18326248
19189312
17130130
20471854
17376152
18077528
20376590
17409899
17958420
20449472
17603609
18620578
20732007
17400929
20544313
17165261
19654889
17785897
18226927
20567065
17781034
22287343
17259724
34699944
48017182
18101295
54141867
44668869
19087592
46788926
18319493
51338705
23970386
18870038
32474095
22166663
42748601
27754402
18667366
43622616
20528433
45540571
43016024
18390247
41524696
21216584

PrimaList: V = 200  D = 25
572643
540247
530534
1351575
553306
525063
522779
609916
521603
522743
521433
522918
521053
523209
724393
522522
524192
521918
532158
524316
525637
629973
523421
523444
523857
521847
534544
516336
691370
1047430
533526
1875283
1352711
1361434
571439
521941
1079632
571875
557378
2839240
1522845
1243956
1347485
1321773
521468
2907697
585699
1201080
1572601
520115
1042956
1672863
556327
520076
799303
1213537
1058421
531550
544324
594829
1509250
3000896
619010
517688
3406328
584501
1112787
575459
518637
1190683
670194
1143321
537490
1960673
656988
615100
517882
4430859
514576
518725
998776
587122
521772
517465
519356
519266
516677
2891088
529178
524249
520464
516168
524614
677382
545063
519127
515797
520244
518980
526109

DijkstraMatrix: V = 200  D = 25
20618148
24353681
27521069
21756535
20053949
25259816
18468184
22526502
24640623
18303907
21796949
34165194
52337262
56987463
55561762
53519089
52222232
52759659
58616449
49886177
58011821
54523315
55034388
54408826
57967571
43903379
58987631
34449275
23876789
26113014
27397603
25092481
19072982
22631206
25161917
18432012
22231894
24850494
19760341
22645621
25382927
18893932
22278276
24809204
18569931
22370155
24988628
18337240
22713824
25208970
18332819
50712481
37868403
59128413
57850501
49730667
80956949
67640873
67719291
76293965
70584041
61341660
73279668
67032297
47165083
46589677
27290494
32259756
18144884
24749922
24337998
19649417
21355296
24939871
18257358
21762532
24476492
19429289
22482089
25402833
18649085
21738925
24143556
17979399
22009308
24766474
17948001
21914434
24694226
17875477
21417946
24362068
18270633
21824272
24406634
18323668
22151378
25015360
18487004
21605701

DijkstraList: V = 200  D = 25
188101
117417
113051
112679
420385
126084
338355
149539
113644
109320
109911
109607
109766
113164
109885
109127
110182
107818
107693
108649
107655
108842
104282
497077
128463
639021
116074
107395
112914
110799
118321
114977
111375
111959
112249
109816
109394
108801
110393
111310
110169
111605
484169
349341
177969
113056
106847
109484
109752
108841
107339
107391
108294
108497
107892
108808
108378
106561
108272
107630
112123
460324
362115
174893
122303
114377
114182
111482
111377
110254
109256
110691
109747
110179
107275
109700
109609
109757
108997
511362
123411
280829
141272
109995
109532
139537
108978
111680
108741
108581
108249
108524
160157
108384
109010
108761
107287
108928
467918
270127
