
PrimaMatrix: V = 50  D = 75
332114
306356
295772
299506
337253
695568
328703
368216
397743
429232
293003
308856
928461
313221
355088
296541
297588
913203
306233
387980
300332
311396
920878
307078
298263
312072
298015
299622
313771
302182
302774
395241
295878
300914
314021
292604
292127
442946
285900
297774
305522
618083
294995
420482
310475
299827
305870
295013
292836
331463
287986
284364
300537
314263
292970
291732
658487
306831
296760
296002
294569
300188
427756
301766
298821
322964
296606
292660
432844
300383
297425
477539
312343
297337
340303
285602
294386
303496
312232
293027
294713
308353
294298
285892
321986
300854
292886
416325
303969
303635
321167
293792
293549
427746
297830
296731
460438
296734
293141
446259

PrimaList: V = 50  D = 75
69188
59150
53026
46718
49269
47959
45936
45334
46172
46618
47471
45693
46781
45981
47845
44337
44485
47138
44554
47206
48024
117274
80666
113748
48407
52179
45167
47031
46323
50989
44039
45785
46118
45738
47282
44525
48865
45550
43937
44407
44463
45467
46692
43751
79116
60230
69538
55407
56975
47673
46261
46349
45465
45513
48161
45856
45985
44766
43631
46748
44297
46588
44535
43967
46025
46619
45557
43764
58365
79390
70530
54791
45433
47587
54976
47332
48578
86402
54552
59004
54743
53322
46965
45552
48117
48959
47665
47468
47329
47322
49028
196782
65884
82012
51495
62772
86398
80622
48947
51040

DijkstraMatrix: V = 50  D = 75
366000
338919
329235
328587
329267
328309
328333
330318
330121
333497
328884
330154
329082
329582
328925
329456
328982
333701
329685
329167
329943
328329
330145
329246
329176
332893
329460
329328
333713
329006
329535
327878
327915
330775
332585
328814
328400
328659
330232
329213
329653
331975
327731
328588
328241
328290
327961
330495
327893
332193
329681
328576
327942
469998
340921
340038
330064
330613
426792
396497
364555
477859
329537
329406
329345
337724
329418
328433
328508
328697
330460
329664
329539
332197
327766
328689
329094
329149
328072
328873
328381
331984
328860
330061
329633
329029
328112
328568
328901
331766
328199
329113
335767
329282
329474
329703
330614
332730
329616
329910

DijkstraList: V = 50  D = 75
24717
13279
10872
9263
9069
8531
8080
8118
7833
7829
7748
7759
7862
8016
7859
8148
7764
7705
7968
7947
7725
7814
7817
7972
7697
7693
7747
7578
7642
7656
8099
7934
7800
7793
7513
74847
15230
12231
10423
9709
10242
8678
8312
20613
8242
8489
8917
9258
7888
18327
23165
30788
23986
21632
14597
15977
49187
19052
45059
46942
8610
7826
8601
14467
8668
7951
7709
7788
7909
7734
9309
7851
7713
7840
7889
7828
7722
7933
7880
7613
7722
7778
7796
7725
7768
7752
7753
7800
7686
7714
7707
7857
8013
7908
7968
7939
7804
7781
7595
7635
