
PrimaMatrix: V = 200  D = 99
71430422
71828977
68657940
70433515
72450542
69614376
78860470
73633741
71796940
69086542
72751332
74758710
68662823
68470830
70820094
70883332
68610694
71849327
70996734
70152579
70815471
68755163
81949957
68434122
73164925
73132428
71002944
69063955
69045741
69630511
70678007
69570287
74678982
72341777
71045908
69387302
73197982
69587074
68690729
69328550
69369370
73529840
73648781
68612509
73290329
67877635
75038632
69469512
74749424
69804810
73941423
73267193
74389285
71722028
71499049
69267407
68817886
73469540
68785406
72848620
74453192
74407731
70639619
73174809
77637506
73525977
70750970
72278371
69857633
74503171
76557624
69295159
71389194
73469540
71006848
68013048
73675512
68294674
73264368
77805396
72379832
67458736
71489470
75147339
70484581
69548613
75225809
73592996
74421856
74757951
73301660
75050887
67880665
75492246
69188190
72902872
67955754
72522422
71785775
73419304

PrimaList: V = 200  D = 99
1177029
1172348
1373649
1183716
1172877
1180631
1193643
1514268
1182678
1227732
1250460
1130714
1404768
1314171
1163680
1214240
1184430
1212065
1288176
1166174
1227952
1334149
1178428
1201183
1679086
1189015
1175639
2215204
1145792
1955586
3220027
1174443
1223176
1568402
1170706
1319283
1186817
1204926
1413041
1208853
1173407
1826851
1192999
1226287
1191274
1188750
1273923
1172835
1167448
1317727
1183407
1166387
1456504
1181471
1333616
1537076
1167706
1280166
1185163
1221390
1251844
1383200
1173321
1292970
1242610
1187380
1204674
2041527
5599273
1462992
1326669
1201375
1381777
1167953
1277909
1331336
1182050
1284185
1886367
1189999
1186779
1302864
1182482
1204540
2060924
1180099
1233605
3823406
1207519
1169920
1165247
1290422
1384871
1166692
1192520
1167022
1192586
1201657
1164024
1169695

DijkstraMatrix: V = 200  D = 99
148267324
152375857
142681013
138803124
140147721
139897989
144553253
139067114
157170224
146636849
144274040
140569829
139795995
139390170
142978103
140083288
140085825
138919591
144029344
139649227
139411264
139087741
142129492
140433276
139754158
139934456
140243121
140204921
138478177
140814985
140419296
140837494
140023801
139498935
139899526
142008701
139805300
141793400
138873762
142414013
140662820
140353710
138227150
141990820
137487317
138916801
139603422
139784482
142564021
138366053
140124910
139376191
142548542
142387168
139717691
138886199
141217064
141878395
139515110
138992326
140301886
137427442
140095149
138330468
139372913
142506305
139432840
139583322
138847626
141032217
141618418
140070054
141080383
139020020
142798840
138802398
140985101
138433541
142087123
140025749
140013237
139373373
140942638
139528246
138726656
139269699
138708628
157716599
144161802
138869702
141284754
140573845
139278945
139305070
141077165
142073906
141356154
141148312
138481827
143427348

DijkstraList: V = 200  D = 99
1083840
687489
611424
611475
611958
2210272
1001382
645271
643239
643263
1768791
645831
641989
620218
642020
641135
618878
650345
651942
2850974
817130
644255
646534
641832
645723
641622
642633
641507
653340
640760
640448
671626
2970506
769700
621788
645654
640316
641533
640224
679581
641092
639677
823198
999222
3047203
704959
639061
635418
633203
629433
639562
630127
635158
630141
631250
629210
629135
3054239
809299
646543
630753
636767
629309
639432
630157
633150
630040
632431
630278
629983
629555
2754547
620390
638686
631156
630200
628970
631907
629809
630188
628887
628809
629427
629775
3588700
765087
636121
634191
629344
630199
629064
693030
714148
701579
690862
629300
634197
2896538
732385
632224
