
PrimaMatrix: V = 100  D = 25
1496034
1430930
1464405
1122361
1099296
1254164
1134409
1066056
1096634
1124774
1123983
1121252
1127626
1329493
1442083
1105024
1135746
1138430
1098613
1085051
1116091
1459299
1162918
1107499
1068654
1094179
1093033
1082190
1463067
1048477
1117947
1091667
1095127
1108498
1138949
1150688
1145810
1449842
1115378
1110791
1036234
1095515
1130578
1118971
1125545
1062711
1470714
1149065
1110308
1128244
1140396
1103450
1159848
1101078
1129671
1451030
1449163
1134717
1113409
1124332
1114673
1113102
1214499
1154810
1148502
1140498
1144624
1067496
1137771
1125009
1181825
1508328
1122294
1104755
1127430
1124005
1130987
1091063
1097024
1312477
1445251
1100175
1102847
1599222
1132857
1087739
1100540
1407214
1091672
1109840
1103117
1076466
1091781
1074591
1087844
1305695
1475015
1114308
1102753
1132978

PrimaList: V = 100  D = 25
108303
98987
100960
96605
96519
114393
135833
96964
97628
94600
97336
93057
94904
95442
93476
92349
96821
93930
172872
107075
98665
94731
99757
93017
95778
96187
97690
94012
95592
94307
242245
105439
160412
294944
103251
93972
96032
93021
94874
92918
94658
94417
97852
95093
94798
92649
96343
92744
97290
96198
97592
94882
96619
95495
96607
194992
107294
153726
258321
97822
97186
94846
96000
94079
96059
92146
96625
96356
97082
93523
94524
93260
96145
93819
94451
93650
97990
92299
95454
92758
214272
100603
165591
163580
130274
95673
96787
94469
95834
96141
97693
94390
96547
94952
96508
92147
94075
94631
94873
93137

DijkstraMatrix: V = 100  D = 25
1113074
993679
996826
992180
998357
1452912
1091080
1351589
1001224
968846
993398
993826
996930
992690
993768
991877
991299
993541
991735
991466
994475
992971
991700
995093
992590
993317
993080
1335967
986817
1317807
997287
941764
941342
941552
940919
941985
941573
948257
941984
940455
944507
941671
942270
945345
942529
942105
942133
941853
944022
942574
1363686
969879
1313136
972363
950886
942134
942089
945792
943678
941291
915424
911860
942026
920390
941566
942309
911645
942477
946145
912131
912353
913022
1396970
1079495
1305894
1012917
994170
996742
996982
1003460
995818
996000
992013
993257
991004
994411
994757
992354
994009
991535
997148
1008458
1006605
992626
1372612
1047565
1309893
1019194
994761
991949

DijkstraList: V = 100  D = 25
37061
21287
18018
15676
14687
14195
12790
12809
13004
12499
14086
12658
12268
12226
11907
11721
12163
12046
11685
11177
11368
12830
11729
12620
11382
12404
11732
11716
12882
11463
11582
11407
11592
11939
11498
11374
12051
11656
11565
11915
11455
12596
12597
123052
31096
22883
17674
18472
40820
49931
50789
116929
19961
13563
13657
12392
12087
12095
12125
11573
12499
11529
12516
12079
11919
12171
11979
11671
12105
11926
12098
12169
11744
11660
11502
11448
11496
11477
14095
12572
11582
11458
11549
12105
11465
11545
11077
11903
11291
11405
11457
11478
11456
11509
11046
11449
11563
11500
11169
11269
