
PrimaMatrix: V = 150  D = 99
21254722
16963753
16784126
16856031
17021762
17019019
16951559
16921452
16927421
16843398
16998267
17384214
16700222
17048658
16825387
16882016
16840668
16992239
16772461
16825260
16803048
17341482
16858142
17043760
16987302
16742546
16964812
16880512
16899878
17269975
16985349
16793946
16873765
16558162
16893562
17071409
16777464
16883421
16670942
16742590
16901868
16928174
17512884
16859182
17384181
16864291
16661939
16759516
16675597
17012502
17009139
16678974
16893361
16954953
16730098
16553998
17288391
17545667
15789046
17133178
17025846
17209279
17208144
17038324
17016858
18642160
17643672
17181050
17388326
17296809
16841549
17463079
17116391
17945091
17076648
18729834
17045474
17505752
16688254
16825068
16734496
16782851
17093785
16860730
17073132
16906339
16922150
16771014
16838562
17286487
16871464
16892135
16676365
16965797
16846421
16713991
16725117
16774988
16869291
16907276

PrimaList: V = 150  D = 99
616269
602035
613972
614401
602934
993452
615915
605314
603559
600194
606903
658791
596066
593694
592605
594579
827815
615322
600456
599035
600035
603870
663637
600595
609885
596814
595796
737432
610927
598319
594486
595036
594677
690482
595795
594841
596444
593910
875609
629862
602661
600229
602855
607031
688033
600854
598360
597000
630933
764352
605089
627721
602631
593675
596050
695430
600628
598880
596894
599321
777214
612103
595310
596244
594315
647273
682939
597685
1076945
606588
604319
3350024
614507
601025
601299
608152
760869
617941
602907
605187
653936
1137865
617351
604864
609650
607983
602994
645399
600757
600880
600466
604487
917148
774521
2331830
603586
677739
604121
597408
601806

DijkstraMatrix: V = 150  D = 99
46414142
58599538
49648409
52515191
49357396
51697723
49092026
51855326
50677942
54046200
50645052
51792877
50487716
51445883
49353279
51576102
49810066
52296000
49818115
52342999
49422266
51280811
51858537
49123636
49293091
51541179
49388911
51923263
51772480
51400948
49113066
51780232
49053681
51407210
49617097
51404723
49480934
52862318
49546131
51378606
49244224
51689379
50216063
51406496
49108969
51761032
49146884
54261858
49225861
51405646
48858631
51329243
48868995
51938606
48923170
51548696
49488868
52515237
49175514
51359916
49372459
51417166
48882219
51832022
49077601
51577395
50490045
52266636
48831126
49126010
48872149
51511438
49079412
51805895
48825852
51300139
49473289
52033464
49021135
51586904
51869498
50144785
49469091
51777212
49074298
51425629
51413481
51710999
48839746
51507124
49054722
51366452
51764531
49392557
48890974
53049481
49622281
52342588
48797623
51692473

DijkstraList: V = 150  D = 99
531460
324120
327409
321905
320566
1160389
334060
1320996
388334
326234
327125
326123
325303
337810
325854
325760
325878
325960
325096
325742
324933
325595
325208
328194
324836
325159
325775
324523
325360
1368415
718533
686799
327329
327611
325131
329447
325572
326202
325690
329190
325732
325737
324378
325218
326050
325628
326821
325461
325167
330239
324635
324832
1411357
353331
1258910
342382
321221
319937
320649
326074
320738
319210
320381
319866
319510
320465
318999
319895
319947
323337
319845
319542
318989
319741
319533
320095
1273619
733745
496465
327073
326429
326975
326219
330723
326673
325778
325459
326681
325027
326242
325812
325668
325287
324676
325734
325529
328799
325635
324505
1349607
