
PrimaMatrix: V = 100  D = 50
2675705
2021456
1938861
1977273
1916861
1914270
2322015
2651083
2375978
2038746
1917893
1931569
1936299
1883013
1970882
2018463
2040887
2642196
2663456
2723720
2450206
2870877
2990269
3197424
3089562
3794931
2635778
2040209
2025906
1935984
1935604
1924628
1916091
2015810
2159474
2524905
2763860
2095495
1940358
1950303
1949485
1928144
1955355
1934914
2055926
2046298
2307191
1963477
2824954
1994398
2028569
2015567
1966031
1952825
2044088
2020864
2306025
2017033
2051783
1987925
1990795
2695117
2044833
1926805
2015356
2019679
2025917
2000570
1936279
1973471
2739974
2814029
3436905
2988479
3254599
3221254
3347592
2827689
2454540
2021773
1894608
1995662
2003775
2028055
1973132
1994467
2907688
2411831
2332283
2121180
1935263
1940866
2005993
1938665
1947071
1923914
1979689
2896544
3218404
4173488

PrimaList: V = 100  D = 50
164130
165893
160837
164685
165357
161628
298051
158434
163238
158604
162121
158896
161502
157755
298174
197168
163422
158319
162003
157602
162632
157164
158802
257898
321241
175182
158906
161915
158371
162138
162814
164479
158236
159711
157650
161669
156872
159543
159105
157719
196196
289731
168957
167748
160409
159604
159146
159782
159629
173540
158244
159555
156896
159941
155882
159167
559187
164719
269656
165445
162602
159970
171652
161889
157138
161622
157031
165284
158056
159955
158077
161228
159609
523783
166991
361598
162970
162113
159037
158063
161452
158612
176605
162438
164046
159126
157422
163195
157260
162542
292663
251903
175974
161838
160253
163242
159522
157292
159865
158794

DijkstraMatrix: V = 100  D = 50
2182557
1916393
1917243
1919571
1918031
1922572
3055447
3134324
1862693
1891565
1856846
1858147
1853867
1858965
1854142
1855625
1854747
1855513
1923235
2900241
3327939
1913067
1919441
1919419
1921945
1917705
1889241
1857514
1854395
1919632
1919509
1938081
2881423
3333128
1858601
1920176
1917765
1919696
1919994
1917846
1917803
1918158
1919175
1920911
1918708
3022934
3193395
1856508
1857265
1855587
1917065
1917553
1886479
1917898
1915407
1893683
1889803
1858874
2908041
3190116
1918316
1917993
1894943
1856504
1919415
1914581
1918089
1919413
1916393
1923528
1923502
3033421
3423429
2032694
2033667
2026951
2029218
2022317
2026009
2029622
2025503
2025967
2037405
3073803
3388486
2030181
1958754
2025112
2032363
2026308
2027985
2031791
1973191
2024026
2024197
2029950
3028924
3296395
2054308
2031515

DijkstraList: V = 100  D = 50
68333
42300
37825
36034
35170
34279
35344
36737
34576
32665
32644
33398
33372
32978
31616
34383
33288
33018
32520
31859
32408
32089
32796
33414
32943
32749
33693
32811
32973
32332
32162
34189
32804
32974
32290
32862
204760
59949
41494
38489
51487
129523
113987
75372
148088
41475
35203
35659
33923
34383
33852
33079
33399
33520
46818
31543
31535
31009
32038
32703
32263
32696
35537
34734
33259
32802
33192
32712
33144
44097
34794
32868
32813
32614
32396
33136
33194
33797
46495
33712
33075
32521
32908
32823
32846
32215
33725
33239
32467
33591
33408
33642
32411
33138
34462
191681
72767
43371
38646
100862
