
PrimaMatrix: V = 50  D = 25
392756
136889
145538
154232
135068
129156
132231
132468
133674
158588
279684
262189
187659
131549
131087
157151
178342
186374
183808
294055
273772
138325
130327
130349
130277
131896
129551
128275
178342
194040
161614
131735
130332
129663
136679
177598
295581
140403
130568
130459
172589
143042
141474
129485
131144
130071
297755
139120
128644
129288
129251
135162
149884
148302
127515
131320
129995
129854
129241
347869
132746
130713
129644
129998
130091
159360
161143
135428
135918
130330
128081
266305
137808
130662
129819
128885
132077
149711
154101
131972
130042
140918
131180
129915
267780
158718
129190
130011
129329
134050
214744
232056
134867
133785
131387
131128
128838
129703
129952
130199

PrimaList: V = 50  D = 25
27606
28400
26808
20768
20256
19208
19350
17443
18133
18156
19679
18886
17316
19769
18564
17992
18021
16960
81848
45406
24233
24383
20952
76419
34170
30854
31474
33477
51902
19303
18352
18538
18039
17453
18613
25411
23094
18956
18123
16798
18413
18016
18570
17659
18129
17668
17326
17611
17866
16411
18496
17745
20356
19222
17844
16690
17263
17150
17306
18022
16583
19086
17899
17494
18064
16862
18078
17666
17256
20595
29582
17128
18217
17897
17817
18418
16213
17491
18556
17198
17492
16583
17757
17836
18001
18454
20453
18259
18087
17766
17673
17340
15989
17301
47153
32693
25193
21145
20587
20623

DijkstraMatrix: V = 50  D = 25
167632
141864
141077
130841
121563
116815
157085
105048
102472
101596
102376
101959
108169
101419
101821
101426
102046
102183
101644
101724
101477
101427
101424
102013
102044
102214
102280
103070
102732
102294
102048
101630
102332
101807
102431
102124
101162
102207
102320
102165
101572
105624
102338
102638
103019
103641
103677
102225
102494
102936
102221
102391
102385
102031
102276
112603
112274
102305
102261
102424
102239
101980
102218
101982
102172
101955
101403
101852
102199
102614
103642
103409
101707
101880
102161
101806
102030
102249
102379
101635
102459
101725
101945
102099
105295
102004
101375
101910
102142
101315
101670
101952
102365
101564
101192
102425
101932
102185
101979
102664

DijkstraList: V = 50  D = 25
10760
38690
5866
6015
4883
3944
3804
5861
3464
4339
6014
2729
2530
2448
2883
2780
8257
5250
4319
3317
10771
5873
6579
5810
7906
4547
4750
5702
20770
25503
2950
2519
2789
2474
2359
2508
2371
2418
3555
2593
2509
7128
2535
2452
2547
2497
2402
2446
2322
2483
2491
2532
2358
2312
2340
2285
2454
2297
2606
2667
2270
2308
2340
2385
2490
2381
2371
2387
2328
2323
2226
2392
2426
2375
2354
3342
2412
2391
2362
2303
2327
2480
2514
2441
2329
2247
2293
2496
2423
2286
2363
2501
2266
2268
2284
2286
2323
2246
2236
2280
