
PrimaMatrix: V = 150  D = 50
9822683
10294726
10512645
10278043
10406610
10356132
10329388
10298923
10383555
10690321
10257288
10458402
10237369
10396608
10330484
10274981
10191059
10383816
10142257
12218859
10144777
10381485
10397636
10375182
11481950
10115397
10157653
10374468
10493935
10480264
10407726
9968255
10668919
10349919
10357155
10289937
10464536
10417918
10276189
10064639
10391821
10278988
10464495
10245949
10317887
10280524
10239379
10016705
10223501
10420490
11934995
9595684
10288425
10105212
10244528
10433399
10319065
10352684
10169801
10488162
10202145
10244883
10286472
10537459
10298947
10183011
10412912
10171608
10503263
10296769
10527186
10561770
10199774
10477081
10284793
10085307
10046407
10253601
10439979
10307453
10314637
10468858
10247453
10433574
10155809
10329545
10203875
10371431
10099007
10531575
10392385
10421211
11229534
10443716
10194441
10207113
10424505
10123774
10207652
10335094

PrimaList: V = 150  D = 50
470783
424625
382743
383336
460989
386144
426668
1185934
387906
393969
385564
386609
386685
420730
384319
425607
389370
384029
385767
382713
421370
383481
468204
398239
386907
389325
421210
383450
385262
383374
493439
383759
384506
434568
381907
390640
381676
1108013
420625
422798
384431
386708
386870
387538
386046
452725
438295
383004
381414
381242
382474
380667
382680
1278009
391167
384516
385321
386427
386269
421436
387568
516676
389239
386008
373091
388070
426680
387282
913425
417692
391288
390629
411697
388833
389463
389060
453970
400872
389124
425614
387326
386813
387307
387832
1088973
389647
422230
384383
383793
384357
386866
1061252
468779
386709
384332
385402
385349
384040
389653
491888

DijkstraMatrix: V = 150  D = 50
15519947
13649841
18079370
13858990
17610201
14701126
18798839
14691228
18032770
13793962
18173226
13745855
17931272
13825357
18296760
13816305
18122139
13612728
18043721
13907213
17570283
14303200
17958023
13753077
18116150
13776766
17893438
13659645
17835139
13765206
18220661
13644333
17985908
13776802
17846601
13831823
17834125
13859246
18109298
13893258
17856423
13668598
17898165
13815340
18243062
13475153
17692662
13685347
18054111
14125813
17994456
13776339
18653647
16237595
17398357
13639829
18020512
13830596
18118410
13764637
17887529
15253701
18788795
14745688
17898238
13708768
18128081
13784131
17851148
13834118
17795680
13624081
17988409
13731292
17732253
13759970
17893611
14072478
18008208
13611837
18322906
13828642
18040938
13750357
17848417
14009564
18120097
13709985
18036924
13806848
17782714
13848427
17749918
13834627
18570525
14453558
17833404
13764032
18005290
13690649

DijkstraList: V = 150  D = 50
566319
153341
187528
667708
137779
127678
130491
128708
128992
129055
128366
126551
128101
126894
127597
128252
127734
127522
128323
126949
128323
127167
125681
127314
127205
127024
128080
125831
129318
550779
139887
373222
268744
129357
129330
126778
128846
129695
126863
127079
127721
127080
127652
126475
127600
128431
127192
127161
127467
127013
127201
127158
126092
128486
127225
127237
127790
587423
140886
186994
676293
130142
130414
127655
127308
126559
127942
128125
126414
127655
126735
129710
154637
130345
127706
128407
125995
125763
126431
126005
127233
125875
124198
126131
123564
542003
151550
173142
369892
159831
129454
128936
127759
128609
128523
126647
128244
154213
131034
127714
