
PrimaMatrix: V = 100  D = 75
2586509
3742163
2620059
3430326
2474102
2909596
2578493
2581040
3089561
2539753
3847522
2943144
2579562
2975635
2473275
4059060
2486747
2482326
2817829
2535393
4125731
2478527
2604991
3090562
2485918
4316303
2560323
2480410
4299943
2471481
4292721
2590820
2858587
2597578
2599345
2554654
2609002
2887385
2615004
2594421
2496935
2483051
3618842
2439052
2403256
2508824
2513803
2732610
2426937
2408967
2514113
2457430
3442069
2559267
2657001
2496669
2449523
3114444
2433382
3812607
2580458
2475127
3116782
2445064
3766012
2470811
2877316
2999014
2612829
3905499
2584532
2483951
3024359
2559298
4429414
2585931
2585127
3283978
2583466
3966283
2445265
2480065
2635666
2584910
3762934
2605467
2620051
3388955
2675367
2979656
2488137
2619382
2833724
2441993
3933486
2500683
2484636
2819036
2527763
4273861

PrimaList: V = 100  D = 75
238496
245153
234702
236457
240369
264619
279797
233101
237238
236077
232060
233938
327440
250998
231887
234419
234133
232498
236701
265303
272576
237448
236574
233445
235415
234995
230963
235579
236069
230610
230742
230653
234424
266250
262488
235020
233180
234199
232957
233475
231754
232660
243089
237042
231530
231951
722278
280689
253010
234244
234143
233772
235393
230307
232771
233329
235992
230801
233549
232046
562555
362017
245181
232262
232518
238477
230452
232463
233983
233945
232462
234428
232646
232289
376065
531900
235786
232120
234137
234240
235671
232725
232254
230288
234233
230962
231502
230701
279603
307108
234396
234374
233463
231309
235993
232879
233135
231043
233671
234899

DijkstraMatrix: V = 100  D = 75
3538220
3209938
3262664
6704260
2952869
2933566
2956329
2932298
2963357
2937373
2967563
3098870
6761180
3132147
3099557
3093674
3125298
3103057
3090604
3125135
3070906
6497721
2962945
2932318
2946226
2923771
2895863
2934409
2995001
2958856
6635858
2867784
2948742
2944028
2874918
2936787
2931854
2915238
3000821
6690622
3133212
3125625
3097070
3100700
3131005
3101796
3170470
3082850
6850345
3131303
3006423
3099728
3085198
3079354
3095160
3173450
3106135
6504953
2982073
2935533
2943918
2957274
2939849
2845664
2848017
2930379
6618357
2956541
2972092
2950299
2925543
2928852
2858864
2961546
2983357
6544926
2993328
2836049
2867419
2843452
2936923
2942824
2927215
2996096
6518269
2968556
2939745
2932834
2969123
2845381
2922632
2959818
3004597
6716514
3145743
3106344
3158468
3104363
3095210
3109347

DijkstraList: V = 100  D = 75
115740
68726
70416
273955
83977
69417
66371
66463
117330
128107
185834
67863
64199
63505
68739
65006
63516
63833
65552
64691
63277
62682
63986
62562
63395
62507
62523
62022
62263
60761
59931
60961
60746
61281
60612
61578
60350
62677
63144
62188
63194
62871
63278
59750
61130
61010
60695
61059
60682
60820
60144
74951
64404
62822
64691
62719
61716
62431
64227
328178
95042
69983
66982
65989
114418
167450
161396
67491
64750
62727
63797
63006
61821
64517
62741
63482
62735
62805
63590
63599
64065
63397
63253
62356
62928
62410
63514
61936
61713
60988
60644
60880
60136
61069
59885
62116
63203
62938
63171
62626
