
PrimaMatrix: V = 50  D = 99
848726
415612
370193
356216
329903
436105
300237
315116
448929
440883
301317
306012
508130
331512
511625
490182
308342
302840
318251
440761
299655
298595
333179
304345
431991
330262
301408
303978
308161
338120
298519
309691
406597
316387
307687
337771
312343
307307
512523
316348
325597
447466
315118
310558
304148
302746
303455
334803
299189
310291
311903
320895
309663
322796
312110
341336
382774
311213
310156
419098
296242
308517
331029
304526
308475
595746
320579
310422
303906
303098
305147
413887
305456
309536
322883
306441
308555
482279
334171
323570
304087
308238
305710
312822
296537
309271
310332
305503
305282
456859
303795
313496
307756
307509
306999
578910
311880
311387
304403
306335

PrimaList: V = 50  D = 99
61711
55145
52889
50957
48244
49152
51150
49304
113449
78863
54493
63475
87087
72656
56955
51035
47467
49178
48977
47279
46843
50076
48405
47303
47806
46160
48504
48319
45811
46460
49406
46762
47461
47893
47187
46225
49113
46841
49544
48854
46127
46913
47457
47538
46487
49175
47478
47873
46608
49753
48480
48989
49856
48075
138194
66462
56722
53272
101250
78684
173691
49915
49376
49277
46532
48476
45728
45149
46953
48927
46505
45254
45540
47029
48638
47147
48145
46555
51095
47060
47850
46822
48512
45029
46420
44174
47836
47129
45200
46732
46071
47991
46722
47297
49711
48739
47034
47436
51605
48294

DijkstraMatrix: V = 50  D = 99
523052
458246
458030
458631
460870
448039
710542
507915
495624
549091
578715
567245
593900
492012
490673
490906
496297
486579
489723
487591
488671
488177
493154
490192
500792
490385
489739
490619
495097
490191
491365
489943
489578
489019
493412
489670
488257
490450
490400
488601
492530
490113
490395
489882
490041
488064
492705
490249
490471
494738
488351
488750
492884
488295
488750
616365
471825
480367
458740
561809
534623
619809
470622
456334
458436
458939
457660
456978
456336
460375
457681
456450
456902
455491
456948
459723
456860
457794
458579
459191
457490
456174
456623
461594
456521
457473
457687
458207
459834
456924
458210
456828
457962
457634
459148
457866
457395
456588
458035
458141

DijkstraList: V = 50  D = 99
32242
16775
14624
13679
12725
11957
11720
11977
11630
87179
17231
15484
15988
14389
12502
12850
12868
13572
11238
12445
12986
13036
12361
21242
23096
36825
62633
24104
22039
22056
19041
25861
43394
59510
13117
11375
11074
11115
11023
10766
11084
10994
10895
10937
11003
10709
10952
11929
11240
12212
11210
11210
11080
11153
11037
11012
10867
10912
10814
10956
10879
10838
10920
10755
10829
10904
10792
10922
10800
11391
10911
10747
11336
12576
10990
10840
11261
10969
11040
10799
10812
11021
10650
10677
10803
10841
10838
10613
10777
10840
11146
10877
11222
11100
10886
10755
10706
10669
10620
11430
