
PrimaMatrix: V = 100  D = 99
3630552
2595791
2627252
2698214
3859196
2592512
3064729
2675248
2903836
2699887
2997400
2719873
2759431
2675284
2749844
2594315
2741876
2599763
2550274
2694215
2762091
2735305
2742339
2613293
2629460
2601411
2585791
2644430
2615814
2609072
2593999
3767735
2603719
3217888
2716390
4823326
2729331
2695292
2729723
2735863
2922214
2580894
3850291
2626515
3659299
2677368
2730317
2701829
2757537
2615878
2541189
2746236
2693484
3001047
2695624
2684018
2653049
2811354
2723525
2728375
2692696
3271705
2713723
2722329
2559040
2869586
2794111
2728265
2745858
3194764
2737975
2770729
2743217
2742941
2731689
2729920
2733057
2782169
2678027
2710845
2708512
3517258
2736665
2804994
2608387
3756495
2590196
2911564
2699894
2772071
2746794
2553543
2554360
2703530
2723101
2552379
3033776
2556313
2646242
2790375

PrimaList: V = 100  D = 99
255816
250235
341807
260640
240883
270287
250055
248805
247744
283408
299180
247565
248578
249800
246897
249720
623845
249980
246586
246510
248694
245693
485472
580071
251918
247805
248134
248503
249769
248128
246469
240907
248348
245403
247423
555037
533504
255823
245614
245685
250701
247134
245414
246982
246082
246810
244802
247588
519276
533187
250352
248077
250629
244601
247839
245849
247184
244407
245882
245655
247846
538713
467144
253998
249035
248853
246103
249783
249902
250276
247362
250121
246971
246182
611957
453574
257663
250129
248209
249176
248765
244812
247139
249603
250463
254787
313761
595506
435912
266499
247685
251663
249657
247937
249153
247383
247038
252930
245848
253236

DijkstraMatrix: V = 100  D = 99
5058056
4557889
8784711
4319530
4245118
4267064
4233810
4499802
7102858
5823474
4121783
4209308
4094168
4104290
4312916
8597808
4714488
4243291
4214131
4196608
4160617
4297440
8788340
4664149
4383008
4227538
4290890
4358306
4986594
8636920
4450367
4406048
4449346
4592359
4710583
9591668
4341074
4361427
4435228
4288982
4591479
5505975
8284208
4479779
4364424
4444754
4288739
4601876
9231257
4497312
4435785
4404450
4284713
4470370
5585071
8099367
4494476
4459267
4429161
4453695
4632579
9965099
4471585
4419255
4467961
4422953
4508791
6804222
7180153
4462063
4482705
4408633
4405122
4509907
9395781
4536160
4423130
4395950
4414711
4438808
5517225
8257017
4513350
4279987
4270526
4404951
4489029
7152521
6788569
4435080
4420514
4805368
4475284
4557981
9331147
4377781
4416718
4465752
4267317
4507087

DijkstraList: V = 100  D = 99
174600
388529
118425
116339
109274
134081
172416
364847
112415
105761
105708
103864
104337
103540
105846
104386
104488
105699
104238
106021
103955
104790
104030
103522
104959
104460
104908
103629
107615
104183
103301
105195
104894
105766
104902
106359
104840
103937
103996
103816
104653
108979
105233
103824
107939
107851
108565
107583
110803
105911
104250
105725
104618
455237
118006
112121
111490
135342
174361
295824
120311
105930
106729
105443
105360
105592
104090
105314
104138
104539
106010
106015
105383
112081
105778
104600
103395
104444
105220
105540
103895
105283
104308
103189
104283
104694
105185
103982
101987
100495
103860
105629
104891
104613
103494
103421
104168
100438
103721
104622
