
PrimaMatrix: V = 50  D = 50
247503
343578
234973
226563
230203
248523
229321
4249350
339116
396144
267378
221178
227400
227355
234633
330122
243549
227439
325350
227273
230193
230928
337812
247364
224965
257025
231134
229025
231325
317117
245776
234742
228476
251277
226868
231148
228417
374416
237665
225348
227528
258351
382525
228887
226203
226999
227888
225701
226866
306400
236029
229058
220766
246135
228760
227854
231380
318528
228580
229863
227151
248862
229410
225880
228235
306481
228873
227047
221177
242213
227623
228727
226801
343619
246899
229437
230116
231067
226177
226454
342001
407251
235712
226574
226542
223938
226973
230024
249569
222411
233433
226191
327425
230733
228268
222313
338965
223204
234425
227208

PrimaList: V = 50  D = 50
43951
39892
39185
48188
58203
62288
126503
37826
35109
34436
36967
33203
34325
31872
36542
33713
32507
32655
32119
32704
32826
33973
34841
33247
31678
33472
32897
33056
32785
33159
35280
53985
41986
48302
44380
38883
36537
42748
59162
32922
35752
36966
33322
32832
31901
32721
36070
31621
35866
31146
33844
32614
30831
32941
33340
32248
32694
34002
33540
31928
40411
49798
57458
69381
33327
35754
33385
31338
32969
31972
34774
32883
30846
32415
37409
31487
32494
30499
35085
32131
31201
32120
31391
33876
32272
30598
34874
110664
44122
45978
35537
36159
36610
33533
39026
32088
32945
33409
32797
32163

DijkstraMatrix: V = 50  D = 50
239498
224621
220758
311487
292163
262184
261527
330975
213625
211562
218555
212297
210647
210526
211704
211352
211002
211204
211227
210586
210750
212558
210389
209801
210232
209152
209898
209661
210660
210167
210329
213815
209789
209893
210079
210026
210174
210228
209783
209936
209737
209804
213716
211692
210858
211188
211431
210392
211205
211353
210076
210675
210784
210180
211418
211165
210835
213076
210932
211204
212680
211882
216080
211996
313756
230148
220998
224115
216004
216597
229237
302341
265399
307372
292107
306311
214698
214301
214819
214285
213771
213136
213428
218431
212962
215474
213813
212842
214480
213242
213288
213018
218371
217574
213471
212866
212447
212169
212323
211974

DijkstraList: V = 50  D = 50
17469
8845
6516
5833
5063
4735
4672
4530
4661
4848
4764
4658
4736
4648
4631
4695
4923
4737
4649
4562
4528
4662
4673
4742
4549
4662
4890
4615
4588
4556
4448
4762
4736
4448
4538
4653
4647
4569
4495
4490
4614
4402
4441
4434
4604
4492
4441
4487
4409
4548
4470
4348
4467
4463
4505
4642
4397
4399
4545
4369
4562
4458
4381
4583
4375
4343
4335
4487
4418
4334
4353
4368
4462
4372
4303
4420
4643
4462
4532
4408
4388
4492
4507
4345
4404
4287
4613
4370
4413
4686
4672
4454
83682
8835
6407
5952
5060
6422
5084
6171
