
PrimaMatrix: V = 200  D = 75
63326063
61619236
62722981
61453622
63025920
64335890
61948755
62655103
61337202
62857847
61515855
62939320
63241618
62046072
62835734
61654863
62511137
62698015
63852059
66370423
62768247
63795815
62417338
61516431
61095756
61902575
62331220
64896777
61449656
63995017
66350815
66447830
64158154
61577403
61268355
61461089
61413484
62967471
62114515
63881408
61717288
64429950
61974531
61349904
61901588
68526071
64250008
72614065
62913164
66189832
60941975
62318514
62153587
61184073
62021850
61870786
63476964
69275881
63871860
63803550
62960301
61967424
61621791
62924425
65828597
60924146
62503396
64053833
61691058
62554753
63194263
70579196
65768239
61218780
62047182
61999155
62874177
61269452
62623956
61936322
61542300
62803588
62736700
62174104
62622950
60917349
64937662
63459362
61215364
60299195
64908960
64918160
63920703
62542206
64182308
61988155
62426275
61595388
62254111
61941671

PrimaList: V = 200  D = 75
1111439
2417011
1091154
1190401
1088569
1129713
1385452
1118167
1120966
1118467
1118933
1101907
1091815
1235475
1090561
1088388
1485041
1094469
1195241
1085723
1174921
1098108
1102684
1310950
1088567
1814287
3129063
1173634
1088092
1108369
1091404
1085684
1090641
1225919
1107499
1099805
1380533
1102234
1112246
1100831
1178170
1156905
1152301
1138074
1211998
1124495
1231330
1104701
1134169
2981105
1103346
1098451
1182039
1134819
1138845
1103225
1174205
1089161
1125481
1341290
1130011
1170356
1105863
1086398
2504553
1115253
1191143
1089432
1088471
2277592
1088614
1094894
1086328
1172754
1088914
1082070
1358378
1115772
1162239
1144202
1095426
1109772
1234768
1105702
1101530
3813346
1100630
1108512
1175966
1133422
1091478
1096623
1230002
1087674
1084222
1499203
1134055
1100700
1100973
1198991

DijkstraMatrix: V = 200  D = 75
102920064
104589260
104945355
106502451
104270174
103509886
103748312
105846787
105127865
105443248
104277485
103187988
105014848
107365426
104120440
104459671
103663814
105663677
103341088
103509038
103989773
104019729
107084860
104447451
105825443
105087069
104377684
104540234
104708837
104391732
105678414
120238807
108918026
106645384
104653546
105682471
105387642
103789139
105817903
103564817
106518228
106976192
103593492
104816940
103331800
103970617
104573261
103813495
105259194
104017858
105754345
103470422
106530581
106004865
103889213
105861678
103615508
104659658
106527401
106618296
104192482
103452353
105649850
103355584
116678809
110350411
106884943
104511613
105398482
106398663
104176750
104795923
103660219
106224800
103826535
106030198
104782576
104386172
106351402
103649139
105410733
105323754
103897426
104605797
104092400
105352687
105679399
107282635
103498373
103914839
104815684
102607499
106419656
103736804
102807752
104618188
104848781
106869998
104597513
104542968

DijkstraList: V = 200  D = 75
786578
499820
476340
499216
473325
2125510
680680
474148
451853
468229
466326
510064
773868
465368
466160
465160
464336
464180
463777
463419
466880
1275240
770928
467501
465891
464940
464885
463538
478763
449156
447978
463186
463939
463699
467361
480130
1325520
742506
467747
465763
465237
464379
464832
464195
462694
463916
462428
463581
463954
471584
462433
1728477
788617
606640
471733
465119
463575
463275
464061
464225
463797
469572
544887
480563
463487
466902
2285157
606201
467344
466335
468324
465597
463627
466689
464217
471597
465632
466572
464031
463117
463818
1885015
675939
465929
466341
464664
448654
449273
464060
467326
464644
463674
463736
464953
464169
464035
1961083
682141
466247
466525
