
PrimaMatrix: V = 150  D = 75
15264623
15630000
15209990
15157800
15231892
15147750
15152477
17401098
15061011
15653867
14948803
15755064
16848376
15021795
15228631
14736413
15078719
14746786
15206766
14882510
14786782
15035658
15386580
14736243
15109967
15031192
15556151
15172446
15054585
15353145
15260231
14794856
14871068
15218056
15111563
14842495
14716919
14943641
15317072
14998036
14935106
15337003
15188582
15353388
15139885
15348474
21960578
15822136
15304545
15136527
15310867
16165459
15355005
15007695
15929985
15049087
14829210
15159013
14961610
14766892
14400872
15583922
15241321
15206217
15411861
14960457
16431552
15730213
15298961
15175487
15055632
15029217
15662274
15030791
15126000
17600542
15515633
15807576
14560627
15837330
15918791
15658445
15395021
15366110
15212348
15096012
15569972
15035053
15157577
14628440
15114605
14833187
15070130
15387566
15089213
14948214
15709949
14957558
14972608
14995569

PrimaList: V = 150  D = 75
643814
579738
1552603
570998
566926
942709
585706
567133
567923
565316
565423
1677409
586029
561341
559604
559889
564094
561795
654878
566203
568811
569999
566941
566287
961321
570173
569491
566836
582065
567854
1477482
565598
565862
566585
573805
567231
1360542
576740
565508
566083
580335
570536
773115
575997
567242
581370
564512
568051
1216991
574059
560947
562524
562805
559123
560969
608775
561813
568877
559818
562636
560614
675307
564044
557496
558066
560743
559280
1418207
565078
559181
576268
558366
562030
1310718
574657
564569
580111
570860
564072
594712
564565
594265
564253
571486
565037
849232
581945
573794
570430
563320
565995
1190486
582184
570717
564368
568617
570889
1624883
589610
564337

DijkstraMatrix: V = 150  D = 75
30655845
34728837
33109861
34482448
33085434
35766134
33145980
33565400
34411715
33237212
35609452
32358416
34199386
33618565
35556882
32636580
33264948
35794115
34610277
32817878
33747533
35444231
32494802
34056225
36007925
32934521
35081602
40242844
36559059
35437131
34952405
34884037
43043988
41777098
41969691
39010247
35450679
34930916
35099362
34833787
35849191
35302011
35004152
34656335
35430150
34604412
36063375
35055621
34556753
34909984
34409956
34470345
34754529
36566301
36808338
34688548
33191300
32535987
33948606
33949739
36658464
32370885
33160270
35787929
32844297
33694970
35579839
32624375
34175580
34700891
33791913
34651466
34267876
32885486
32855649
48420304
35089258
34867821
35087020
35205503
37069529
34630362
35277531
34737381
34776895
34787345
34699408
34777249
34687327
34517646
34919345
34796730
34470217
36006621
35868524
36645221
35247975
34680696
34899856
34372028

DijkstraList: V = 150  D = 75
381913
230648
229485
227882
226483
226395
226177
229304
228991
233939
227408
225237
226113
226291
225105
225832
225445
225331
225735
225248
226548
226612
1032461
242794
688124
299182
227901
226559
225931
232139
225633
225899
225663
225478
226059
225493
224802
226165
224420
225267
225660
224908
224792
224995
225682
225861
224551
231766
998715
239061
587100
321699
228427
226763
227244
227133
226952
225489
225399
227180
224753
225389
226459
225307
225789
225673
231282
226061
224572
226620
226293
225113
226267
225780
1039592
240973
488640
467455
233146
231037
230606
230723
229254
228910
229332
230067
230054
229111
230251
229594
228642
229080
229632
228303
230231
232820
229432
229290
228389
229958
