
PrimaMatrix: V = 200  D = 50
48347223
44486755
42074518
43083333
41896686
42533156
42207717
42093186
42281980
42157037
41741312
42202152
41808276
42013248
41818541
42173799
42256158
42461807
41958768
43458257
41781382
47980121
42969246
42327904
41777940
43296632
41793337
42491260
42274109
42090280
41757084
42407030
41904261
42547884
42051886
43097123
41684265
42079009
42013146
41855101
41917570
42405787
48290155
42777949
42219762
42191835
41940519
41987913
42044704
42674187
41968859
42914139
42129893
42456987
42981446
50677022
43139820
41912953
42610096
42513670
42324468
41494179
42322178
42164847
42354265
41779124
42307006
89364130
54927917
45101574
42963941
67555357
42579418
43148608
42705542
43649270
43302665
43140407
95167462
76141063
47806268
73241683
41455844
42752277
42757133
42022179
41974870
44038600
41594491
42590534
42155186
42180341
43750776
42058742
42262770
42034668
42207053
41958963
42439193
41669782

PrimaList: V = 200  D = 50
789294
776192
815315
782691
850110
792732
778997
777359
953092
787345
783556
788119
1675660
786242
785697
779606
1193788
785291
773664
783838
913078
783836
773331
774820
1088149
775097
775767
776158
2418460
779534
778638
776206
1389593
789173
783199
773690
776040
831133
790560
772694
774154
855340
779037
781840
773208
958557
783106
780198
783207
2078573
786013
790936
779596
1444056
791497
789276
781493
781142
804171
786881
782162
782238
843190
780496
774300
772612
884328
785659
776526
778379
954967
773974
780346
785986
2319266
783026
784277
785711
1549890
789087
772469
774188
2161796
825564
781667
784579
785006
816571
778423
777848
773963
844004
777149
772799
773939
947550
770866
773399
801699
1622825

DijkstraMatrix: V = 200  D = 50
61545418
60831620
63966600
65761620
66053426
64499280
82389202
69897617
66810030
63967446
63655023
63209954
63466101
67320186
62001611
65536474
64449241
64667747
63887428
67218502
63876418
67487314
67611234
61937719
63685843
64204528
63833701
63517440
64491883
63902837
63671294
65904425
61867200
64896698
63602593
63872560
64225112
65415706
64502434
63872666
65893751
64148403
63573902
63598763
63638254
63432689
63278940
63755461
64795861
63461830
61129365
64942792
63760079
65150484
63916423
63601054
64164004
63463836
64190480
62089494
60995320
63606361
63899199
65224740
63894480
63878846
63918193
63709749
70258509
69756451
81863177
97261567
107899139
91277317
95301916
96465348
95897093
94913814
92142532
91340105
97526171
87769927
103153806
95129224
96875332
96299936
96816294
94349987
87542542
75948510
66564726
63913303
64189363
63509565
64271256
65616512
62099617
64282805
63533045
64956466

DijkstraList: V = 200  D = 50
486319
296125
294558
292296
301467
4814353
1968830
702464
662673
2260809
706134
667138
1230865
342777
5133777
421122
293217
292197
296392
291607
293183
3171251
319812
1344031
286876
297811
300759
3990974
346133
291456
291429
291144
300466
296844
4176738
1198239
296395
294188
331126
5198897
489699
291559
281851
281403
289605
293498
4420984
1238245
297329
295575
295219
5191540
447512
292565
291660
297251
302140
305405
4082331
1191096
298163
293836
300316
4756939
507996
283360
319046
281848
291729
291854
4705414
1201140
287413
295834
294562
4125768
484121
292657
290963
291188
291082
295127
3894443
1322986
287666
295147
293771
3594631
597161
292127
292283
291324
282026
281659
327196
3970776
1230153
297536
299248
300701
