
PrimaMatrix: V = 150  D = 25
3762993
5724297
3949410
4044740
5050102
4059718
4566882
6225772
3911167
3924102
4925933
3985957
4018406
5737461
5907699
6026797
3731402
3751799
4686212
3779501
4174904
4358732
5954784
3905925
3817204
5211252
4033230
3814145
4043801
6494162
3923302
3789061
5197892
4070732
3841427
3821193
6100057
3979321
3967486
4774404
3839661
3989248
5102361
6023022
3801273
3828288
4666483
4016181
4228513
3993066
5949292
3768142
3970570
5125767
3845873
3820762
3853479
6354950
5933810
3971264
3763688
5315127
4027186
3902196
3944815
5916518
4072190
3940869
4193567
3915297
4150215
5170452
3853239
3784121
4022400
3844408
3804513
7318499
6874284
6037059
5872877
4027991
3815520
4675358
3955051
3999334
5037194
5956675
3821995
3915252
5310989
4080046
4013598
5107025
6017705
4017705
4756478
8030759
5428108
4084272

PrimaList: V = 150  D = 25
386999
247997
274638
256838
255695
257364
704936
260052
252830
259804
255087
255356
292793
246095
256226
252432
255666
258313
481148
263209
256981
255661
253013
254418
436151
303959
261110
254944
251841
252120
250612
252600
254026
257005
254738
256785
448779
592685
253409
254224
255514
255950
249553
254766
251016
260632
254600
254226
489179
635887
255397
257628
253765
255911
254809
252600
253093
251363
255717
258725
472025
507563
256832
256214
254708
255130
253896
251694
252935
253098
254318
259442
467688
312263
257221
257655
254037
255209
252562
254950
254891
256649
255668
255155
295413
292125
255459
261416
254934
256348
253364
255193
253943
256585
257687
259163
417075
259207
253274
253674

DijkstraMatrix: V = 150  D = 25
5935243
3402715
3495049
3457502
3529366
7361878
3487556
3442032
3461480
3446463
3385468
3529242
6842538
3463092
3446652
3458565
3490225
3491586
7428830
3451936
3460437
3429353
3428112
3421354
3490310
6859210
3486105
3445177
3435301
3499802
3430073
7325602
3449136
3451456
3429763
3471640
3426650
3500480
7048161
3504531
3443067
3458483
3452872
3433720
7269964
3461294
3440826
3564228
3448288
3488592
7402858
3463991
3432083
3434989
3457833
3443367
3499529
7156603
3647266
3662863
3636544
3620122
3635709
7441977
3624075
3629823
3633179
3681586
3734096
7321319
3648645
3688902
3637841
3584701
3664924
7287888
3677085
3585558
3611602
3613644
3660954
7285146
3637730
3623029
3637615
3658886
3620459
7301374
3645115
3634010
3634004
3612182
3660924
7472060
3665536
3630898
3653124
3634628
3625848
7426427

DijkstraList: V = 150  D = 25
85224
52109
47993
46344
45663
47770
45757
43691
44942
44330
43782
42979
44418
43407
43827
43075
49854
48091
44734
44281
44930
44415
43801
43988
228612
55221
132580
340048
57704
45850
46725
44242
42958
43050
42688
45532
46030
46102
45882
44632
43941
43602
62423
52963
48359
45448
44562
48354
44902
44311
43657
42509
44264
42524
44499
229833
88772
57470
161947
73975
47553
45135
44750
45700
44145
43571
43994
46701
43614
43434
42888
44335
43745
43766
43502
42775
42720
42355
41954
42653
44423
42831
43106
42448
43943
43264
43183
224724
64482
74966
157335
73156
46064
45035
44248
43848
48019
44723
44747
44438
